unot0	unot1	unot2	unot3	unot4	unot5	unot6	unot7	unot8	unot9
unot0	1.0	0.0	0.0	0.0	0.0	0.0	0.0	0.0	0.0	0.0
unot1	0.0	1.0	0.0	0.0	0.0	0.0	0.0	0.0	0.0	0.0
unot2	0.0	0.0	1.0	0.0	0.0	0.0	0.0	0.0	0.0	0.0
unot3	0.0	0.0	0.0	1.0	0.0	0.0	0.0	0.0	0.0	0.0
unot4	0.0	0.0	0.0	0.0	1.0	0.0	0.0	0.0	0.0	0.0
unot5	0.0	0.0	0.0	0.0	0.0	1.0	0.0	0.0	0.0	0.0
unot6	0.0	0.0	0.0	0.0	0.0	0.0	1.0	0.0	0.0	0.0
unot7	0.0	0.0	0.0	0.0	0.0	0.0	0.0	1.0	0.0	0.0
unot8	0.0	0.0	0.0	0.0	0.0	0.0	0.0	0.0	1.0	0.0
unot9	0.0	0.0	0.0	0.0	0.0	0.0	0.0	0.0	0.0	1.0
unog10	-0.953919128986	-0.723330422574	0.77496564607	1.25251111209	0.319283681722	-1.64010328549	-0.429689980331	1.20122440936	0.459382710161	-1.12781483807
unog11	2.05336766106	0.37593006367	-0.495278154327	0.934874410872	1.49572734246	1.77620707864	0.528839691695	-0.277644700812	1.026876137	0.906506046922
unog12	1.23021455618	-0.348424526306	0.115078965648	-0.36576076149	-1.33685846918	0.17389261632	-0.179779118935	-1.04411809497	-0.0192269786071	0.354718471609
unog13	0.52291011701	-0.0691748267737	0.944280593156	-1.39562648197	0.719505201134	1.54537790131	0.478696951027	0.226519828137	0.354603727946	-0.805942650146
unog14	-0.845174494694	1.12842166228	-1.60521586597	1.99047904713	1.04257766328	-0.978891016303	2.38540445088	0.03360773426	-0.531180957106	-0.227440649588
unog15	0.708502655009	-1.0646775621	-0.480361354132	0.180058057383	0.0644690737389	-0.527387535217	0.366412028666	-0.814995531947	0.366746701998	1.21884792214
unog16	0.520319469338	-0.240906094494	-1.52953173951	1.27300272918	-1.2727830902	-0.186781893063	-0.782546288948	0.0736711252585	1.37221088447	0.484949891909
unog17	-0.500562402778	0.0216249823246	1.75171131063	0.443163513168	-0.647298630527	-0.398159986155	-2.1477545793	-0.91596785612	0.69607587428	0.764182713547
unog18	-0.979170917638	1.55046570093	1.0265092591	-0.614825436213	-2.11089715988	-0.25041782694	-1.60495903535	-0.259184850322	-1.56695193766	-0.180898394607
unog19	0.729325711991	-0.178174301387	-1.05787813325	-0.468356703725	0.0613094657919	0.211252227335	-1.90586335073	0.14609355867	-0.970909208105	-0.205644078582
unog20	0.359115964923	0.38992841946	0.320158913429	-1.35163703934	0.38674475082	0.183040222498	0.115073247566	-1.119207923	-0.243225450112	-1.9582598199
unog21	-1.44789006816	0.299426375626	0.92788042665	0.704242180323	-0.140317589841	2.02308910325	-0.332093932259	0.536948757839	-0.276180548211	0.593776494096
unog22	-0.130921545508	0.49232126549	-0.700661799795	-0.357434353291	-0.444289118753	-0.349094213999	-0.412308110862	1.23469366278	0.228451941962	-1.64234543229
unog23	-0.83996409582	-2.22106324322	0.286231075533	1.05592632893	-1.55028741183	-0.98002215803	0.65560584733	-0.581175985376	-0.500049111472	-0.0322467886882
unog24	0.720066285507	0.602681580273	1.72042520231	0.0175050579547	1.07448607513	-0.145542518544	0.317491135275	-0.0300995307842	0.432103835533	-1.03666750027
unog25	-0.492939591481	-0.289062604039	0.493367326278	0.447058200804	0.412038790689	0.518443979134	-1.1455472227	-1.26887389249	0.734879625694	1.45826265873
unog26	0.26801952714	-0.699520833372	-0.333519793706	0.995370012606	1.29967038124	-2.18209422631	0.199498624946	1.25031264713	0.957987605472	-0.0718165982103
unog27	-0.603699840306	-1.14949076551	1.60052417607	1.00743651158	-0.995060260172	-0.312797329254	0.221860359226	0.855533046485	-1.20915774049	0.370234665147
unog28	-0.155489063658	0.191847284723	0.975458279939	0.595445303826	0.408156893546	-1.03798239196	0.0835551235218	-0.0722326653732	-0.733639271125	0.726133053308
unog29	-0.332058932622	0.0468578906517	-2.54092223205	0.677179485727	-0.767116520153	0.452168123019	0.038186981815	-0.0533386673177	0.0693062837931	0.0285695399745