dost0	dost1	dost2	dost3	dost4	dost5	dost6	dost7	dost8	dost9	dosg10	dosg11	dosg12	dosg13	dosg14	dosg15	dosg16	dosg17	dosg18	dosg19	dosg20	dosg21	dosg22	dosg23	dosg24	dosg25	dosg26	dosg27	dosg28	dosg29
-1.39001537172	4.90366240545	0.229791757455	0.376857692924	-0.0886587317623	1.59600506353	1.67491544909	0.13411828086	-3.92323792158	1.2652956111	-0.302533495895	-0.185386091616	-1.40259937666	-1.73515305582	0.0492378782588	2.35357845615	0.586362172629	-2.58808709823	-0.83559831541	1.11381998539	0.601833886635	-0.294689247039	-0.542710159211	0.471533469754	0.905225768566	0.596562153464	-0.4505232266	-0.544513040101	0.503529350299	0.248717512483
2.31530707892	-3.89400432915	-0.520356464335	0.236236246509	0.81774803689	-1.18810214733	-2.7507815409	-0.0688818138872	2.03485314091	-2.08170639946	0.781332066752	0.882626435637	0.153949058002	3.37964219395	1.12033403691	-1.71795729321	-0.298239560626	3.86257593584	1.35620573799	-2.08205942397	-0.62060379526	-0.338746872711	0.97555028145	0.106563158487	-0.425671256146	-0.324955576016	0.693504370184	0.143082387478	-0.692245688832	-0.563796923224
-0.383630070397	2.24450795047	0.0748812904904	-0.233854258585	0.711566961551	2.86373658133	0.177239688311	-0.230521176619	-4.39959554104	-1.16667658102	-1.52750072541	-0.602769536953	-2.74353356715	1.54333545197	-0.476230969343	1.98100795075	1.76401921066	0.0768711730919	0.620936259887	-0.284229269912	0.0666132801575	-0.951876452475	-0.0689496451521	0.123562814015	0.678368221913	-0.0943496579485	0.449841931092	-0.406462565837	0.340434639306	0.847760902248
-0.364205870549	0.990340451169	1.94230585949	-4.09829738213	2.20272976104	2.40902076983	4.64596716748	0.233210901598	-0.0506629770826	0.0630231583287	-3.38278650484	-2.4206209491	-0.438410220329	1.57465040419	-2.26919845808	-0.00963248957494	1.9710052998	0.130880127352	0.694354589603	2.58685552203	0.81295997573	0.296909709167	-0.750475127133	0.792427711351	-0.986344713442	-0.892389902716	0.114760324062	0.0462606741064	0.253579886656	0.936600720899
0.467032590714	-1.24201730561	-0.0614384677533	-2.49426383304	2.08590247049	0.976596436641	1.73233224821	-0.850847585373	0.254332284411	-1.11952432351	-4.56580038121	2.94286350494	-1.23459296852	4.65278195075	-3.61290648343	0.0285452398617	-0.398666328937	4.47699400459	0.596910880013	2.35975118959	-0.710134944325	-0.798923852122	-0.267263677328	0.892298047418	-0.968199601339	0.363861152586	0.592418029966	0.678708623642	-0.616727511222	0.948975641028
1.52101730265	-4.17618767635	-0.388544300755	-2.19378391818	-1.30238798826	-0.00678856372683	0.890013876279	-0.443431163074	2.10302355798	2.96627331095	-1.72786239179	-0.794853035947	1.72262976081	1.9553782656	-3.18196332703	-1.35156377082	1.26481801138	1.83956323246	0.0847062507678	1.59428768049	-0.357855948669	-0.703101597954	-0.728896023967	-0.405999299176	-0.461579310647	-0.647054054411	-0.734934983528	0.94272944562	-0.834335740337	0.207782548844
0.261887183213	0.937537386184	-0.348301372412	1.04269705784	0.448469656395	1.07009252712	-0.329874699954	-2.27006401604	-3.50928255581	-0.839089576687	0.378596178079	-3.04596943674	0.633228394716	-1.21185372778	0.931566324726	-1.5476033729	2.97229869559	-1.66152296975	-0.273190295522	-0.806646484652	0.561188577428	-0.171113110201	-0.198989000319	-0.738931801319	0.473939626545	-0.65792586132	0.613540830483	0.478714787877	0.630223449547	0.0692831260042
-0.655831889738	1.10272943157	-1.2213955693	2.22993846959	-0.694848292942	-2.03163700211	0.698486741314	-1.50263483353	-0.604259252965	0.210119436896	0.971503656079	1.09558341801	2.58675532573	-3.64656273166	0.154200136568	-0.985318847515	-0.77916480707	-2.96963498731	-2.5799164042	1.34490765095	-0.254601740188	0.618081430043	-0.506562163496	-0.5546767568	0.0529914595493	0.782050400119	-0.112807930974	0.681710638579	0.911496103929	-0.545587335835
-0.0315133459059	-2.61121073626	2.06005385592	-0.501969600989	-3.80317096723	1.08350482007	0.16625654145	1.67209409478	1.61264594103	2.59100644322	2.13338044609	-3.191389416	0.332022071059	1.56760666717	-0.516465219332	0.232419346206	-0.162421672324	-0.511076897692	-0.210322149784	-0.498546885946	0.428711837455	-0.710285997317	-0.128759124992	-0.747681813365	-0.276570100174	-0.736088614104	-0.837993614531	-0.73057203768	-0.277859246942	-0.377832844344
-0.207622096222	-2.59180330364	-0.139025456122	-0.63170338776	0.261213016531	-1.43055585592	-0.348698875619	-1.12361908293	3.3091851558	0.718304227207	-0.579808040871	0.662394486885	1.51077799963	0.0549576580086	-1.32911427077	-2.09584140173	-1.15809661226	1.37797242545	0.0534277841478	0.799939629643	-0.221309615018	0.435097200605	-0.175453371144	-0.278005222295	-0.737162426293	-0.0642551455092	0.0625967902402	0.748343104853	-0.735914720122	0.0211249197283
0.799604692854	0.427826350963	0.2394240286	0.911239276733	-2.25292967588	-1.34556740542	-0.362163990954	1.74883540407	1.31723010465	2.0913612423	1.75886534923	1.24879635696	0.517254769535	-0.151028515589	1.26330764746	0.658524399326	-1.40357723411	0.483624741433	-0.408036253717	-0.587861468411	0.222181350093	-0.229577245113	0.358411569	0.525919523097	0.205010037496	0.623500177433	-0.962354496855	-0.334848570924	-0.406315247383	-0.923491617189
0.761217870555	1.322045254	1.55089956813	0.705229880838	-1.99918819849	-1.11478980725	1.87967196263	2.559051059	1.38273224248	-0.265819251589	1.81479646787	-0.641524614932	1.34559981654	-1.21562241395	2.63198192946	0.0850563168713	-0.499344063175	-1.14350973133	-0.796964085244	-0.901012199609	0.805311803941	0.689442919644	0.603197746393	0.509816356841	-0.580544058749	0.0823405512754	-0.487693192377	-0.37195803217	0.929371316276	-0.933507303762
-2.41048011078	-1.47023583614	1.76436203154	1.9565834774	-3.14578620143	0.148776038734	-0.225102522095	-0.0350113454212	0.925579851289	-0.656712815129	1.62719336178	1.08871687607	-0.307557237529	1.83159099436	-1.43638319774	0.439931428066	-3.99528454859	-0.20421559641	-2.13866932111	0.724682472119	-0.513434446992	-0.623494555712	-0.0275721946114	-0.906077926616	-0.891460376554	0.844653490907	0.32664970722	-0.617213741564	0.306236961637	-0.191547943715
-2.07937068785	-0.0594420853929	0.514675822803	0.814981428842	-2.97377290577	-0.596512531683	-1.32669014612	4.20734752534	3.42804069822	-0.568941345161	0.406220184235	2.92780483233	-2.12589543197	-1.7672739504	0.541437690304	3.62763691233	-3.5998916508	-0.519515325051	0.612872513033	-1.81828614688	-0.664357919274	0.726256021549	0.843559899247	-0.36020527443	-0.000110579488217	0.564526615715	-0.597241728561	-0.871764335132	0.226237063967	0.68966683891
-0.953234141446	-0.888907351833	1.04681461106	1.7993291647	-1.83964014823	-0.184657699707	-0.710425053025	-1.76913612705	-0.00216123105486	-0.0482115883024	1.41468196888	-1.0723373036	1.04440976779	0.329297719066	0.0211858133205	-2.01528520031	-0.982764282505	0.00570615795638	-1.19369700023	-0.294429612197	0.356431731887	-0.31867606535	0.0128701923128	-0.838811034605	-0.5092164844	0.127698224744	0.450233636464	0.289936010516	-0.000252120568591	-0.367287487976
-2.13912739402	1.0402546435	1.9383488644	-0.400546388439	-0.316648636261	0.182995791709	-0.308921719597	1.24119557174	2.88096057751	-1.11398645201	-1.99849822342	3.46186703968	-2.66475043134	2.09703691265	-0.53740050412	0.91173490748	-3.79341193762	3.94415861355	1.31470663488	-0.537858359857	0.243399244326	0.14178114737	0.850190973375	0.827634997789	-0.983630010002	0.877428706153	0.429080432041	-0.192534460964	-0.933313136359	0.800089775618
1.4613243855	-2.55594249774	-2.19795105802	0.548860823028	1.15123184558	0.0988638161629	-3.94079652327	-1.74070409285	-0.861924708962	-1.68663309834	-1.41296802362	0.621777473063	-0.915902128117	1.1603971387	0.116170254412	-1.21436275685	1.94473763912	3.04142825214	2.06572421163	-2.52760174955	-0.709611015715	-0.539635851615	0.594788643685	-0.662522427138	0.626552419122	-0.545297866059	0.830743624228	0.962623699472	-0.73889666711	0.701682143741
-1.21890204797	-2.45174039056	0.700742534418	-1.03246276542	2.07088985314	-1.34857251067	-0.918403317471	-0.270653857132	4.16686452257	0.490016684203	2.56069627313	-0.512444162772	0.689849450269	0.218732234373	-0.243064297692	-1.05251850865	-2.86514765321	-0.70555080483	0.138281512555	1.08371907718	-0.306669874761	0.902499833277	-0.251682422562	0.00223837478519	-0.524613054251	-0.174957971544	0.0774918292761	-0.952611457887	-0.847496644835	-0.692561439192
3.03887904908	-0.129856209322	-2.20439653926	-1.512973899	0.898316753989	-0.448557559877	-0.0718488136256	1.019779836	-0.492258395391	1.64290487598	-1.51734200412	0.135195768261	0.495743845586	-0.847035801598	0.486567517269	0.486598290538	3.35393205353	0.787142087325	1.50764534836	-0.614809681219	-0.112491064534	-0.0583026311837	0.00275024579759	0.621961059682	0.952320723767	-0.539013256458	-0.86816462963	0.651134196131	-0.338851844201	0.0703839069128
2.23773922157	0.262318113328	0.061624719634	0.409836910553	0.55172202432	0.636295085732	-0.96498337731	0.0892974351344	-2.30937096767	-0.49732630172	1.83811697159	-2.03901916433	-0.251547320873	1.76036540635	2.3538532569	-0.403244183652	2.14502079914	0.585175483601	0.694440746074	-1.73848011925	0.459977402686	-0.684800520709	0.47099141701	0.430010188028	0.562664957897	-0.496853764415	0.151855424053	-0.504576377063	-0.0041782804561	-0.847946923315
