unot0	unot1	unot2	unot3	unot4	unot5	unot6	unot7	unot8	unot9	unog10	unog11	unog12	unog13	unog14	unog15	unog16	unog17	unog18	unog19	unog20	unog21	unog22	unog23	unog24	unog25	unog26	unog27	unog28	unog29
0.588217500849	-0.316515022244	1.56481502981	-2.14550747414	-1.11502910425	2.73189485375	2.87369144556	2.67640231095	-1.14446368247	-1.00631671085	-2.06239385092	-0.819153745531	-1.84135693415	3.46694451497	-1.55736074974	2.58086882291	1.13540905738	0.758768149999	0.306167507323	0.582338784545	-0.131264560915	-0.825137959652	-0.0180045057449	0.341193997191	-0.53824391668	-0.481725384347	-0.125673516995	-0.635313874707	0.801745681524	0.731168931962
-1.10499749715	2.947253299	1.26067157946	0.443186404425	-1.76403144853	0.202251194731	-0.147537718951	3.16099026333	0.82270078844	0.646520616614	0.372932470287	2.09748826121	-2.38055194788	-0.270104068523	1.44401597145	2.9421579184	-2.30172442637	0.641784779168	0.734061976416	-1.2754428267	0.456120029166	0.0518520208436	0.75120025475	0.887907719418	0.252686670591	0.806597445729	-0.654842388349	-0.959431438461	-0.264319761978	0.0814822042313
-0.0352374984356	2.46469580683	-0.441809320286	1.56499968855	0.478056653984	0.214148125313	-0.20460498702	-2.72533111513	-3.21914870912	-0.365527068631	-0.623796123876	-0.340713756051	0.451279399471	-0.940704778783	0.723010349711	-1.6978398911	1.46640920307	0.152040162022	-0.510352402809	-0.252325948614	0.686193812701	-0.293628568718	-0.0518132471956	-0.0285380130662	0.312166922973	0.295966488056	0.569593952493	0.883553886937	0.11485714469	0.000684659457394
2.16410769667	0.465278467907	0.807834748861	-1.71770198758	-0.288676750281	1.01841205188	3.53025840354	1.09047058742	-1.06190369348	-0.904474677935	-3.06545459377	0.113618181056	0.254196947238	2.73390140118	-0.730874348536	0.0114042309461	2.12784851875	2.30975160228	0.0268939608139	0.780515115166	0.365484912796	-0.54180064577	0.115835450601	0.9426083005	-0.853844301195	-0.198750692351	0.00857953107371	0.652445302	0.655456142157	0.251859626283
1.35666075232	-2.21457115792	-0.147636538389	1.88160990295	-2.25170060826	-0.184290814067	-3.68114316454	1.27278408488	0.000274973152501	-0.0127705375061	3.3606698183	-0.68834558122	-0.735101105226	1.58770933958	2.20916061782	0.502489377962	-0.262688268166	0.875587946804	0.690774689126	-3.19065451908	-0.294779732868	-0.861540834135	0.882852078166	-0.523050338101	0.698532221188	-0.223850128735	-0.161945091867	-0.811561250362	-0.395803648325	-0.815888753283
1.02650923473	-0.589959459389	-0.464202192763	-0.997505707449	-1.94755951887	-0.218585148712	0.904206490657	4.07609264711	2.0522678789	-1.14259462139	-3.10267943823	3.44306613747	-1.33503225553	0.422255141597	-0.480046714414	2.90845082054	-0.350875240127	2.14017875068	1.10696258389	-1.07247179579	-0.753490341004	0.162978438657	0.782486935185	0.424505771645	-0.330113646826	0.207301775725	-0.560528950511	0.321293615309	0.48661265114	0.990779359624
1.33712663372	3.35661036281	-0.542397767114	-1.47517417735	-0.380827624145	0.705463922995	2.03744556526	2.70751799179	-1.05172949827	0.660001608096	-2.84032860922	-0.459928106754	-0.577915582242	-3.09463171643	1.41536467896	1.84929651642	3.53260560283	-0.649853450643	1.63870590649	-1.30417709728	0.849360937615	0.685065614807	0.319118012913	0.727141699231	0.641587631571	-0.550800189275	-0.860738167456	0.599232756191	0.6449402171	0.894949301141
1.35933177744	2.36923056592	-0.371501279688	2.40767720261	-0.429397920154	1.44898833484	-1.2392262823	-0.982098989463	-5.52470289552	-2.25175038664	0.713380807995	-1.52990798373	-0.937377737121	0.475184899636	2.65661642	-0.090065851093	2.93589044807	-0.0708859944164	0.0421140340563	-2.58934489087	0.524808984759	-0.933054302026	0.637139310893	-0.165254088101	0.853587640815	-0.142401134049	0.755320405753	0.0857179229199	0.864045773687	-0.192267674122
-2.60014119647	2.99834889858	1.65907020307	2.36267903129	-3.17964103789	1.21862740244	-3.02784127122	0.967671761374	-0.757391383551	1.15264769642	1.47018753079	0.457286179365	-3.22799658322	-0.534462408881	1.80105828015	1.77336863593	-2.20585878793	0.830256599382	1.06141636998	-3.02562052273	0.961411140472	-0.574331055238	0.886237370706	-0.193283353583	0.760036372142	0.668450295642	-0.17420919287	-0.793571789414	-0.89141025975	0.356102050815
1.61367834472	-4.81671319484	-1.1721750864	1.01606007961	-1.05275265099	-1.7108033941	-3.56524715286	-0.0495323152107	2.41694917157	0.539177881714	2.61281902233	0.431474079377	1.01390166967	1.62270715261	0.372252083011	-1.10471582144	-1.01446982755	1.51261636394	0.2657694456	-1.45358614812	-0.984986918488	-0.49945758951	0.381854168065	-0.697447029754	0.1916595874	-0.186014990791	-0.147660602468	-0.120400288635	-0.852588278991	-0.884019338525
1.81403525087	-2.34110184507	1.00853319705	-1.36938908385	0.164445198693	0.734847067247	0.16278703737	-0.549950650404	0.35097558211	0.927707824187	0.521189733738	-2.36331121976	0.572821403267	3.55983033525	-0.281058863991	-1.73993687709	1.35888011985	2.1760640418	0.649255955721	-0.0256602380136	0.430300513269	-0.830056425849	-0.0275901120172	0.259347685479	-0.408772537655	-0.755591437593	0.0341491365328	-0.0613026534877	-0.722729572452	-0.56058427578
-1.53793222921	-2.26563635661	2.95109908282	0.42433757047	-4.74073641986	0.917719705397	-0.300481473412	1.02320058575	2.33093704143	2.59209028903	2.05055249976	-1.65918974994	-0.225995982951	2.40352275151	-1.13050544572	-0.0525037470743	-2.52109879064	0.782315218543	-0.678613082973	-0.25969106576	0.51424816477	-0.947116505034	0.0119073385181	-0.769697072064	-0.727956853555	-0.0188004745758	-0.57447302252	-0.694958282933	-0.714420712306	-0.301561209126
0.157270043972	1.10765197641	0.155038374899	2.02543029141	-4.05108207545	-0.86082140732	-1.009583862	2.33221656529	0.764448052565	0.764943038258	1.22185564707	-0.637296928043	0.553103387074	-3.77170869315	2.78100787549	0.589597842071	0.578076950447	-1.38270819839	0.239368384701	-3.16536106114	0.693018786247	0.556931799098	0.83023955061	-0.640120730811	0.449010208797	-0.148968962303	-0.759758379079	0.309480063252	0.574193302547	-0.026488985997
2.99212099763	-3.05924910593	-1.21232442573	-0.627945238008	0.660739840836	-0.860144373593	-1.72972993482	0.0426338068521	1.26352434935	-0.727786961781	-0.487901864151	-0.488839338454	0.878433768911	1.24054324095	1.04132952847	-1.76840517149	2.25560903927	2.71404747708	1.75639381514	-2.04506859842	-0.207483844003	-0.0613267091325	0.644015729422	-0.000503539615477	0.00874027376567	-0.874492798712	0.172360210877	0.77900742006	-0.475210252511	-0.15156060639
2.41283839091	1.16067762453	-1.79036071989	-2.133196678	4.22909520274	1.67240368038	0.0939637953177	1.8991846197	-2.96077717098	-3.45206274078	-2.15523837897	0.116098175603	-2.62490551982	1.08643861454	1.2590628203	2.7151617194	3.62764479861	0.385597140545	2.50610308719	-1.28594937681	-0.653774498821	0.118110934629	0.478743000364	0.991026263315	0.926480643428	-0.824641974382	0.480842851635	-0.55215647217	0.734828083441	0.756910997709
1.157473788	-3.7487212416	-1.20482863591	-0.970668029445	-0.268826477959	-2.83844216261	2.0640053707	-0.495214532563	3.71804328189	1.88565904601	0.301320315826	0.241360161223	4.47886332159	-1.64267226769	-2.00943920464	-2.08094883247	-0.404763904949	-1.65971882865	-2.05462293997	2.97252651955	-0.798659318906	0.804651261687	-0.979036825579	-0.466380476142	-0.820491981562	-0.119618055821	-0.754033793173	0.900813094898	0.298168660482	-0.747679045444
-2.42148961128	4.41438846265	1.00420052534	2.71040274326	-3.69254960692	-0.227722315274	0.140731414381	2.01949558902	-0.893209604861	1.61517907987	2.69063887144	-0.608948114607	-0.244890676542	-5.21846074721	2.52516076087	2.19484114911	-1.34888131584	-4.53516848571	-1.31601540083	-1.30436926289	0.943403448659	0.687995113782	0.181764732905	-0.4520475915	0.78826386478	0.641141819564	-0.933558073725	-0.744081353677	0.90127875577	-0.248194342001
0.578347227684	-1.58735660395	-0.681787362539	-1.97643818811	0.397433185327	1.90021338747	1.34750259085	0.747194800662	-1.41911856724	-0.313498668925	-1.97394289908	-0.827823917135	-0.836214459571	1.41792831945	-2.43160858994	1.80813266658	1.96489149789	-0.694573398389	0.18381127248	1.21749931714	-0.847013261602	-0.544079835615	-0.624813597795	-0.375402970946	0.17418676398	-0.671316898239	-0.126106017922	-0.128654858337	0.557225297391	0.869864244015
-1.37044955885	0.778699235835	2.19591026202	-1.06064761634	0.827420969214	2.00114946925	1.39256441976	-1.43152635768	-1.00331513087	-0.0521080927721	-0.691008044833	-1.37679879789	-1.1333216711	3.00306918697	-1.42786688181	-0.677660536834	-0.526325065498	1.20899861579	-0.0720623148919	1.39181142192	0.692138425935	-0.636111883499	-0.346856068232	0.341011511914	-0.692018057456	-0.024931248874	0.599171643295	-0.371066994404	-0.424395334565	0.222049580036
-1.43099740407	0.704298051338	1.08499331072	0.0561117414636	-0.782385071552	2.20152298793	-0.159294412594	-1.18949020126	-1.84944300347	-0.340462472223	-1.18358522475	-2.0690004865	-1.26450136606	0.293338714766	-0.698520643091	-0.334479020732	1.19274635288	0.10508553658	0.535176644363	-0.693177246439	0.630327306289	-0.414756001002	-0.0733051691978	-0.705225852158	-0.0171910875525	-0.488950309881	0.527590921535	0.25244090734	0.014400495569	0.948030371695
